# Created by Octave 4.2.2, Wed Feb 19 14:50:05 2020 EET <anemona@anemona-VivoBook-ASUSLaptop-TP412FA>
# name: x
# type: matrix
# rows: 1
# columns: 5
 2 3 4 1 -20


# name: y
# type: scalar
1024


