# Created by Octave 4.2.2, Wed Feb 19 15:11:06 2020 EET <anemona@anemona-VivoBook-ASUSLaptop-TP412FA>
# name: y
# type: matrix
# rows: 1
# columns: 11
 1 1.2 1.4 1.6 1.8 2 2.2 2.4 2.6 2.8 3


